         128
     -200.000
     -196.850
     -193.701
     -190.551
     -187.402
     -184.252
     -181.102
     -177.953
     -174.803
     -171.654
     -168.504
     -165.354
     -162.205
     -159.055
     -155.906
     -152.756
     -149.606
     -146.457
     -143.307
     -140.157
     -137.008
     -133.858
     -130.709
     -127.559
     -124.409
     -121.260
     -118.110
     -114.961
     -111.811
     -108.661
     -105.512
     -102.362
     -99.2126
     -96.0630
     -92.9134
     -89.7638
     -86.6142
     -83.4646
     -80.3150
     -77.1654
     -74.0157
     -70.8661
     -67.7165
     -64.5669
     -61.4173
     -58.2677
     -55.1181
     -51.9685
     -48.8189
     -45.6693
     -42.5197
     -39.3701
     -36.2205
     -33.0709
     -29.9213
     -26.7717
     -23.6220
     -20.4724
     -17.3228
     -14.1732
     -11.0236
     -7.87401
     -4.72441
     -1.57480
      1.57480
      4.72441
      7.87401
      11.0236
      14.1732
      17.3228
      20.4724
      23.6220
      26.7717
      29.9213
      33.0709
      36.2205
      39.3701
      42.5197
      45.6693
      48.8189
      51.9685
      55.1181
      58.2677
      61.4173
      64.5669
      67.7165
      70.8661
      74.0157
      77.1654
      80.3150
      83.4646
      86.6142
      89.7638
      92.9134
      96.0630
      99.2126
      102.362
      105.512
      108.661
      111.811
      114.961
      118.110
      121.260
      124.409
      127.559
      130.709
      133.858
      137.008
      140.157
      143.307
      146.457
      149.606
      152.756
      155.906
      159.055
      162.205
      165.354
      168.504
      171.654
      174.803
      177.953
      181.102
      184.252
      187.402
      190.551
      193.701
      196.850
      200.000
   -0.0343750
   -0.0468750
   -0.0437500
   -0.0437500
   -0.0375000
   -0.0406250
   -0.0375000
   -0.0320312
   -0.0343750
   -0.0343750
   -0.0359375
   -0.0421875
   -0.0375000
   -0.0304688
   -0.0359375
   -0.0406250
   -0.0296875
   -0.0289063
   -0.0328125
   -0.0406250
   -0.0312500
   -0.0343750
   -0.0343750
   -0.0375000
   -0.0359375
   -0.0312500
   -0.0390625
   -0.0296875
   -0.0343750
   -0.0328125
   -0.0312500
   -0.0296875
   -0.0343750
   -0.0328125
   -0.0281250
   -0.0281250
   -0.0250000
   -0.0296875
   -0.0296875
   -0.0312500
   -0.0265625
   -0.0257812
   -0.0250000
   -0.0265625
   -0.0265625
   -0.0281250
   -0.0265625
   -0.0257812
   -0.0296875
   -0.0234375
   -0.0281250
   -0.0234375
   -0.0203125
   -0.0281250
   -0.0296875
   -0.0265625
   -0.0234375
   -0.0265625
   -0.0234375
   -0.0281250
   -0.0210938
   -0.0218750
   -0.0179687
   -0.0187500
   -0.0203125
   -0.0187500
   -0.0132813
   -0.0125000
  -0.00625000
 -0.000781250
   0.00156250
   0.00937500
    0.0203125
    0.0257812
    0.0296875
    0.0328125
    0.0367188
    0.0359375
    0.0375000
    0.0359375
    0.0421875
    0.0437500
    0.0421875
    0.0484375
    0.0484375
    0.0554687
    0.0562500
    0.0593750
    0.0546875
    0.0546875
    0.0578125
    0.0515625
    0.0562500
    0.0609375
    0.0609375
    0.0656250
    0.0625000
    0.0609375
    0.0640625
    0.0656250
    0.0625000
    0.0648438
    0.0687500
    0.0710938
    0.0703125
    0.0718750
    0.0687500
    0.0703125
    0.0781250
    0.0718750
    0.0718750
    0.0781250
    0.0742188
    0.0796875
    0.0750000
    0.0765625
    0.0734375
    0.0796875
    0.0750000
    0.0812500
    0.0812500
    0.0914062
    0.0812500
    0.0828125
    0.0875000
    0.0843750
    0.0875000
    0.0882813
