Name   tor.angle pol.angle R      z      shift	dtheta	dphi	R/Ohm	Aeff/m^2
===============================================================================
C04-01	1.5707963 0.1715658 2.5002 0.1473 0.0 1.65075 0.0000 65.7 0.3634
C04-02	1.5707963 0.3546509 2.4747 0.3054 0.0 1.78694 0.0000 1.0000 0.3634
C04-16	1.5707963 2.9087657 0.9802 0.1588 0.0 -1.58139 0.0000 87.7 0.3634
C04-17	1.5707963 3.3751177 0.9802 -0.1593 0.0 -1.56024 0.0000 64.1 0.3634
C05-01	2.3561945 0.0963422 2.5054 0.0826 0.0 1.65075 0.0000 61.6 0.3634
C05-20	2.3561945 3.0056315 0.9795 0.0917 0.0 -1.58139 0.0000 86.3 0.3634
C05-21	2.3561945 3.2775536 0.9795 -0.0917 0.0 -1.56024 0.0000 86.3 0.3634
C07-01	3.1415926 0.1715658 2.5002 0.1473 0.0 1.65075 0.0000 59.2 0.3634
C07-02	3.1415926 0.3546509 2.4747 0.3054 0.0 1.78694 0.0000 1.0000 0.3634
C07-03	3.1415926 0.5314527 2.4316 0.4597 0.0 1.90636 0.0000 1.0000 0.3634
C07-04	3.1415926 0.7415904 2.3537 0.6446 0.0 2.05181 0.0000 1.0000 0.3634
C07-05	3.1415926 0.9981538 2.2111 0.8704 0.0 2.22834 0.0000 1.0000 0.3634
C07-06	3.1415926 1.2311553 2.0271 1.0672 0.0 2.40271 0.0000 1.0000 0.3634
C07-07	3.1415926 1.4081317 1.8478 1.2060 0.0 2.60022 0.0000 1.0000 0.3634
C07-08	3.1415926 1.5311774 1.6998 1.2728 0.0 2.87763 0.0000 1.0000 0.3634
C07-09	3.1415926 1.7011724 1.4803 1.2957 0.0 3.26568 0.0000 1.0000 0.3634
C07-10	3.1415926 1.8811159 1.2604 1.2149 0.0 -2.57371 0.0000 1.0000 0.3634
C07-11	3.1415926 2.0629792 1.0904 1.0455 0.0 -2.16585 0.0000 1.0000 0.3634
C07-12	3.1415926 2.1916099 1.0193 0.8787 0.0 -1.81058 0.0000 1.0000 0.3634
C07-14	3.1415926 2.4947736 0.9901 0.4984 0.0 -1.62706 0.0000 1.0000 0.3634
C07-15	3.1415926 2.7005480 0.9835 0.3146 0.0 -1.59933 0.0000 1.0000 0.3634
C07-16	3.1415926 2.9087657 0.9802 0.1588 0.0 -1.58139 0.0000 87.3 0.3634
C07-17	3.1415926 3.3751177 0.9802 -0.1593 0.0 -1.56024 0.0000 1.0000 0.3634
C07-18	3.1415926 3.5838591 0.9835 -0.3156 0.0 -1.53791 0.0000 1.0000 0.3634
C07-20	3.1415926 3.9615483 1.0005 -0.6960 0.0 -1.49775 0.0000 1.0000 0.3634
C07-21	3.1415926 4.0910518 1.0193 -0.8807 0.0 -1.31642 0.0000 1.0000 0.3634
C07-22	3.1415926 4.2198571 1.0904 -1.0455 0.0 -0.979586 0.0000 1.0000 0.3634
C07-23	3.1415926 4.4020694 1.2588 -1.2174 0.0 -0.562391 0.0000 1.0000 0.3634
C07-24	3.1415926 4.5806166 1.4787 -1.2925 0.0 -0.122811 0.0000 1.0000 0.3634
C07-25	3.1415926 4.7507862 1.6998 -1.2740 0.0 0.261514 0.0000 1.0000 0.3634
C07-26	3.1415926 4.8747046 1.8476 -1.2045 0.0 0.546260 0.0000 1.0000 0.3634
C07-27	3.1415926 5.0518555 2.0271 -1.0672 0.0 0.735985 0.0000 1.0000 0.3634
C07-28	3.1415926 5.2850315 2.2111 -0.8704 0.0 0.913256 0.0000 1.0000 0.3634
C07-29	3.1415926 5.5389769 2.3537 -0.6446 0.0 1.08978 0.0000 1.0000 0.3634
C07-30	3.1415926 5.7510344 2.4316 -0.4597 0.0 1.23523 0.0000 1.0000 0.3634
C07-31	3.1415926 5.9273127 2.4747 -0.3054 0.0 1.35465 0.0000 1.0000 0.3634
C07-32	3.1415926 6.1103977 2.5002 -0.1473 0.0 1.49084 0.0000 1.0000 0.3634
C09-01	4.7123889 0.1715658 2.5002 0.1473 0.0 1.65075 0.0000 55.9 0.3634
C09-01_	4.7123889 0.1715658 2.5002 0.1473 0.0 1.65075 0.0000 55.9 0.3634
C09-02	4.7123889 0.3546509 2.4747 0.3054 0.0 1.78694 0.0000 56.4 0.3634
C09-03	4.7123889 0.5314527 2.4316 0.4597 0.0 1.90636 0.0000 58.0 0.3634
C09-04	4.7123889 0.7415904 2.3537 0.6446 0.0 2.05181 0.0000 59.9 0.3634
C09-05	4.7123889 0.9981538 2.2111 0.8704 0.0 2.22834 0.0000 62.4 0.3634
C09-06	4.7123889 1.2311553 2.0271 1.0672 0.0 2.40271 0.0000 66.5 0.3634
C09-07	4.7123889 1.4081317 1.8478 1.2060 0.0 2.60022 0.0000 68.5 0.3634
C09-08	4.7123889 1.5311774 1.6998 1.2728 0.0 2.87763 0.0000 69.7 0.3634
C09-09	4.7123889 1.7011724 1.4803 1.2957 0.0 3.26568 0.0000 70.9 0.3634
C09-10	4.7123889 1.8811159 1.2604 1.2149 0.0 -2.57371 0.0000 73.6 0.3634
C09-11	4.7123889 2.0629792 1.0904 1.0455 0.0 -2.16585 0.0000 75.1 0.3634
C09-12	4.7123889 2.1916099 1.0193 0.8787 0.0 -1.81058 0.0000 77.3 0.3634
C09-14	4.7123889 2.4947736 0.9901 0.4984 0.0 -1.62706 0.0000 79.6 0.3634
C09-15	4.7123889 2.7005480 0.9835 0.3146 0.0 -1.59933 0.0000 83.9 0.3634
C09-16	4.7123889 2.9087657 0.9802 0.1588 0.0 -1.58139 0.0000 83.3 0.3634
C09-17	4.7123889 3.3751177 0.9802 -0.1593 0.0 -1.56024 0.0000 64.1 0.3634
C09-18	4.7123889 3.5838591 0.9835 -0.3156 0.0 -1.53791 0.0000 61.8 0.3634
C09-20	4.7123889 3.9615483 1.0005 -0.6960 0.0 -1.49775 0.0000 89.3 0.3634
C09-21	4.7123889 4.0910518 1.0193 -0.8807 0.0 -1.31642 0.0000 56.9 0.3634
C09-22	4.7123889 4.2198571 1.0904 -1.0455 0.0 -0.979586 0.0000 55.4 0.3634
C09-23	4.7123889 4.4020694 1.2588 -1.2174 0.0 -0.562391 0.0000 53.2 0.3634
C09-24	4.7123889 4.5806166 1.4787 -1.2925 0.0 -0.122811 0.0000 51.4 0.3634
C09-25	4.7123889 4.7507862 1.6998 -1.2740 0.0 0.261514 0.0000 49.6 0.3634
C09-26	4.7123889 4.8747046 1.8476 -1.2045 0.0 0.546260 0.0000 49.4 0.3634
C09-27	4.7123889 5.0518555 2.0271 -1.0672 0.0 0.735985 0.0000 47.7 0.3634
C09-28	4.7123889 5.2850315 2.2111 -0.8704 0.0 0.913256 0.0000 46.2 0.3634
C09-29	4.7123889 5.5389769 2.3537 -0.6446 0.0 1.08978 0.0000 48.4 0.3634
C09-30	4.7123889 5.7510344 2.4316 -0.4597 0.0 1.23523 0.0000 52.1 0.3634
C09-31	4.7123889 5.9273127 2.4747 -0.3054 0.0 1.35465 0.0000 53.7 0.3634
C09-32	4.7123889 6.1103977 2.5002 -0.1473 0.0 1.49084 0.0000 54.8 0.3634
C10-01	5.4977871 0.0963422 2.5054 0.0826 0.0 1.65075 0.0000 61.5 0.3634
C10-20	5.4977871 3.0056315 0.9795 0.0917 0.0 -1.58139 0.0000 85.7 0.3634
C10-21	5.4977871 3.2775536 0.9795 -0.0917 0.0 -1.56024 0.0000 85.7 0.3634
C12-01	4.7123889 0.7415904 2.3537 0.6446 0.0 0.0000 0.0000 1.0000 0.078996
C12-02	4.7123889 1.2311553 2.0271 1.0672 0.0 0.0000 0.0000 1.0000 0.078996
C12-03	4.7123889 5.0518555 2.0271 -1.0672 0.0 0.0000 0.0000 1.0000 0.078996
C12-04	4.7123889 5.5389769 2.3537 -0.6446 0.0 0.0000 0.0000 1.0000 0.078996
C12-05	4.7123889 0.7415904 2.3537 0.6446 0.0 0.0000 0.0000 1.0000 0.078996
C12-06	4.7123889 1.2311553 2.0271 1.0672 0.0 0.0000 0.0000 1.0000 0.078996
C12-07	4.7123889 5.0518555 2.0271 -1.0672 0.0 0.0000 0.0000 1.0000 0.078996
C12-08	4.7123889 5.5389769 2.3537 -0.6446 0.0 0.0000 0.0000 1.0000 0.078996
BAL01	4.9087385 0.0000000 2.3860 0.0450 0.0  0.0000 0.0000 1.0000 0.119026
BAL02	4.9087385 0.0000000 2.3860 0.1400 0.0 0.0000 0.0000 1.0000 0.119026
BAL03	4.9087385 0.0000000 2.3860 -0.1400 0.0 0.0000 0.0000 1.0000 0.119026
BAL04	4.9087385 0.0000000 2.3860 -0.0450 0.0 0.0000 0.0000 1.0000 0.119026
BAL05	4.9837606 0.0000000 2.2674 0.0000 0.0 0.0000 0.0000 1.0000 0.119026
BAL06	5.1407092 0.0000000 2.3010 0.0000 0.0 0.0000 0.0000 1.0000 0.119026
BAL07	4.7318256 0.0000000 2.3010 0.0000 0.0 0.0000 0.0000 1.0000 0.119026
BAL09	0.0000000 0.0000000 2.1450 -0.3800 0.0 0.0000 0.0000 1.0000 0.119026
BAL10	0.0000000 0.0000000 2.1900 -0.2500 0.0 0.0000 0.0000 1.0000 0.119026
BAL11	0.0000000 0.0000000 2.2200 -0.1260 0.0 0.0000 0.0000 1.0000 0.119026
BAL12	0.0000000 0.0000000 2.2550 0.1120 0.0 0.0000 0.0000 1.0000 0.119026
BAL13	0.0000000 0.0000000 2.2600 0.2400 0.0 0.0000 0.0000 1.0000 0.119026
BAL14	0.0000000 0.0000000 2.2300 0.3600 0.0 0.0000 0.0000 1.0000 0.119026
BAL15	0.0000000 0.0000000 1.9700 0.9000 0.0 0.0000 0.0000 1.0000 0.119026
#BAL16	0.0000000 0.0000000 2.2900 0.0000 0.0 0.0000 0.0000 1.0000 0.119026
#BAL17	0.0000000 0.0000000 2.2980 0.0000 0.0 0.0000 0.0000 1.0000 0.119026
#BAL18	0.0000000 0.0000000 2.2980 0.0000 0.0 0.0000 0.0000 1.0000 0.119026
B31-01  4.7728466 -0.0030043 2.3157100 -0.00200 0.0 0.0000 0.0000 73.8 0.119026
B31-02  5.1837727 0.0148528 2.2559000 0.00900 0.0 0.0000 0.0000 106.1 0.119026
B31-03  4.7430956 -0.0079400 2.3157100 -0.00500 0.0 0.0000 0.0000 92.2 0.119026
B31-05	5.1837727 -0.5996133 2.16787 -0.3540 0.0 -0.4538 0.0000 89.2 0.119026
B31-06	5.1837727 -0.3948667 2.21388 -0.2350 0.0 -0.2583 0.0000 82.0 0.119026
B31-07	5.1837727 -0.1871677 2.24139 -0.1120 0.0 -0.1571 0.0000 94.9 0.119026
B31-08	5.1837727 0.2401990 2.25426 0.1480 0.0 0.0349 0.0000 88.4 0.119026
B31-09	5.1837727 0.4343090 2.24718 0.2770 0.0 0.1484 0.0000 86.5 0.119026
B31-10	5.1837727 0.6222068 2.21466 0.4050 0.0 0.2618 0.0000 100.4 0.119026
B31-11	5.1407092 1.347320 1.8750 0.9900 0.0 0.6807 0.0000 111.6 0.119026
B31-12  5.7474260 0.0000000 2.2717100 0.00000 0.0 0.0175 0.0000 74.2 0.119026
B31-13  6.7532993 0.0000000 2.2927100 0.00000 0.0 0.0082 0.0000 86.8 0.119026
B31-14  3.5964979 0.0000000 2.2907100 0.00000 0.0 -0.0349 0.0000 94.9 0.119026
B31-30	2.8274334 0.6222068 2.21466 0.4050 0.0 0.2618 0.0000 61.9 0.119026
B31-30vv	2.8274334 0.6222068 2.21466 0.4050 0.0 0.2618 0.0000 61.9 0.119026
B31-31	5.1952345 2.39003 1.04315 0.567110 0.0 2.91757 0.0000 1.0 0.119026
B31-32	0.91681450 2.39003 1.17000 1.050000 0.0 2.50000 0.0000 1.0 0.119026
B31-38	0.93527811 -2.4750574 0.99430750 -0.51578750 0.0 -2.9584348 0.0000 1.0 0.119026
B31-37	0.92336624 -2.6044980 0.99720250 -0.38873250 0.0 -3.0858329 0.0000 1.0 0.119026
B31-36	0.91040724 -2.9438120 0.99213000 -0.13183750 0.0 -3.1313574 0.0000 1.0 0.119026
B31-35	0.91132372 3.1394693 0.99185000 0.0013975000 0.0 -3.1218004 0.0000 1.0 0.119026
B31-34	0.91127985 2.9396598 0.99258750 0.13458750 0.0 -3.1266818 0.0000 1.0 0.119026
B31-33	0.90997094 2.6725689 0.99590500 0.33145500 0.0 -3.1907762 0.0000 1.0 0.119026
BAL16	0.0000000 -0.541959 2.179215 -0.318638 -1 -0.3403 0.0000 1.0000 0.0368
BAL17	0.0000000 -0.461615 2.195493 -0.271362 0 -0.3403 0.0000 1.0000 0.0368
BAL18	0.0000000 -0.364849 2.210042 -0.213908 -1 -0.2880 0.0000 1.0000 0.0368
BAL19	0.0000000 -0.281360 2.224661 -0.166092 0.0 -0.2880 0.0000 1.0000 0.0368
BAL20	0.0000000 -0.201689 2.235696 -0.119757 0.0 -0.1518 0.0000 1.0000 0.0368
BAL21	0.0000000 -0.117973 2.242655 -0.070243 0.0 -0.1518 0.0000 1.0000 0.0368
BAL22	0.0000000 -0.041222 2.253821 -0.024905 0.0 -0.0820 0.0000 1.0000 0.0368
BAL23	0.0000000 0.040927 2.258179 0.024905 0.0 -0.0820 0.0000 1.0000 0.0368
BAL24	0.0000000 0.122492 2.259253 0.075004 -1 0.0122 0.0000 1.0000 0.0368
BAL25	0.0000000 0.202637 2.258380 0.124996 -1 0.0122 0.0000 1.0000 0.0368
BAL26	0.0000000 0.289893 2.253887 0.180137 -1 0.0977 0.0000 1.0000 0.0368
BAL27	0.0000000 0.366605 2.248661 0.229863 0.0 0.0977 0.0000 1.0000 0.0368
BAL28	0.0000000 0.443716 2.244074 0.282380 0.0 0.1593 0.0000 1.0000 0.0368
BAL29	0.0000000 0.515418 2.235391 0.331620 0.0 0.1593 0.0000 1.0000 0.0368
B31-16	5.9691707 -0.541959 2.179215 -0.318638 -1 -0.3403 0.0000 1.0000 0.0368
B31-17	5.9691707 -0.461615 2.195493 -0.271362 0 -0.3403 0.0000 1.0000 0.0368
B31-18	5.9691707 -0.364849 2.210042 -0.213908 -1 -0.2880 0.0000 1.0000 0.0368
B31-19	5.9691707 -0.281360 2.224661 -0.166092 0.0 -0.2880 0.0000 1.0000 0.0368
B31-20	5.9691707 -0.201689 2.235696 -0.119757 0.0 -0.1518 0.0000 1.0000 0.0368
B31-21	5.9691707 -0.117973 2.242655 -0.070243 0.0 -0.1518 0.0000 1.0000 0.0368
B31-22	5.9691707 -0.041222 2.253821 -0.024905 0.0 -0.0820 0.0000 1.0000 0.0368
B31-23	5.9691707 0.040927 2.258179 0.024905 0.0 -0.0820 0.0000 1.0000 0.0368
B31-24	5.9649821 0.60294390 2.2212765 0.39330524 -1 0.2166 0.0000 1.0000 0.0368
B31-25	5.9649821 0.66786418 2.2105296 0.44213662 -1 0.2166 0.0000 1.0000 0.0368
B31-26	5.9691707 0.289893 2.253887 0.180137 -1 0.0977 0.0000 1.0000 0.0368
B31-27	5.9691707 0.366605 2.248661 0.229863 0.0 0.0977 0.0000 1.0000 0.0368
B31-28	5.9691707 0.443716 2.244074 0.282380 0.0 0.1593 0.0000 1.0000 0.0368
B31-29	5.9691707 0.515418 2.235391 0.331620 0.0 0.1593 0.0000 1.0000 0.0368
SATwest	2.3561945 3.1415927 1.00450 0.000000 0.0 0.0 0.0 1.0000 1.4263899
SATeast	5.4977871 3.1415927 1.00450 0.000000 0.0 0.0 0.0 1.0000 1.4263899
SATwestI	2.3561945 3.1415927 1.00450 0.000000 0.0 0.0 0.0 1.0000 1.4263899
SATeastI	5.4977871 3.1415927 1.00450 0.000000 0.0 0.0 0.0 1.0000 1.4263899
DISRTRIG	2.3561945 3.1415927 1.00450 0.000000 0.0 0.0 0.0 1.0000 2.8527799
SATw	3.1415927 3.1415927 1.00450 0.000000 0.0 0.0 0.0 1.0000 0.71319495
SATs	4.7123890 3.1415927 1.00450 0.000000 0.0 0.0 0.0 1.0000 0.71319495
SATe	0.0000000 3.1415927 1.00450 0.000000 0.0 0.0 0.0 1.0000 0.71319495
SATn	1.5707963 3.1415927 1.00450 0.000000 0.0 0.0 0.0 1.0000 0.71319495
SATew	0.0000000 3.1415927 1.00450 0.000000 0.0 0.0 0.0 1.0000 1.4263899
SATns	1.5707963 3.1415927 1.00450 0.000000 0.0 0.0 0.0 1.0000 1.4263899
SATewI	0.0000000 3.1415927 1.00450 0.000000 0.0 0.0 0.0 1.0000 1.4263899
SATnsI	1.5707963 3.1415927 1.00450 0.000000 0.0 0.0 0.0 1.0000 1.4263899
C2:001	30 105.9 4.299 0.605 1.0 0.0000 0.0000 1.0000 1.0000
C2:002	30 119.5 4.095 1.084 1.0 0.0000 0.0000 1.0000 1.0000
C2:003	30 133.0 3.785 1.500 1.0 0.0000 0.0000 1.0000 1.0000
C2:004	30 146.5 3.387 1.833 1.0 0.0000 0.0000 1.0000 1.0000
C2:005	30 166.8 2.820 2.095 1.0 0.0000 0.0000 1.0000 1.0000
C2:006	30 212.7 2.221 1.995 1.0 0.0000 0.0000 1.0000 1.0000
C2:007	30 255.4 1.868 1.495 1.0 0.0000 0.0000 1.0000 1.0000
C2:008	30 261.5 1.743 0.876 1.0 0.0000 0.0000 1.0000 1.0000
C2:009	30 267.6 1.683 0.247 1.0 0.0000 0.0000 1.0000 1.0000
C2:010	30 272.4 1.683 -0.247 1.0 0.0000 0.0000 1.0000 1.0000
C2:011	30 278.5 1.743 -0.876 1.0 0.0000 0.0000 1.0000 1.0000
C2:012	30 284.6 1.868 -1.495 1.0 0.0000 0.0000 1.0000 1.0000
C2:013	30 327.3 2.221 -1.995 1.0 0.0000 0.0000 1.0000 1.0000
C2:014	30 13.24 2.820 -2.095 1.0 0.0000 0.0000 1.0000 1.0000
C2:015	30 33.47 3.387 -1.833 1.0 0.0000 0.0000 1.0000 1.0000
C2:016	30 47.01 3.785 -1.500 1.0 0.0000 0.0000 1.0000 1.0000
C2:017	30 60.55 4.095 -1.084 1.0 0.0000 0.0000 1.0000 1.0000
C2:018	30 74.10 4.299 -0.605 1.0 0.0000 0.0000 1.0000 1.0000
P:801 	27.87 108.9 3.876 1.014 1.0 0.0000 0.0000 1.0000 1.0000
P:802	327.95 100.3 3.964 0.678 1.0 0.0000 0.0000 1.0000 1.0000
P:803	327.94 88.83 3.995 0.262 1.0 0.0000 0.0000 1.0000 1.0000
P:804	327.90 77.38 3.940 -0.152 1.0 0.0000 0.0000 1.0000 1.0000
P:805	327.80 65.93 3.807 -0.548 1.0 0.0000 0.0000 1.0000 1.0000
P:806	327.68 52.18 3.645 -0.815 1.0 0.0000 0.0000 1.0000 1.0000
P:807	327.50 52.18 3.463 -1.052 1.0 0.0000 0.0000 1.0000 1.0000
I:801	317.35 257.2 1.840 1.342 1.0 0.0000 0.0000 1.0000 1.0000
I:802	317.38 262.6 1.776 0.641 -1.0 0.0000 0.0000 1.0000 1.0000
I:803	317.52 277.4 1.776 0.641 1.0 0.0000 0.0000 1.0000 1.0000
UP:801	328.26 205.9 2.304 2.040 1.0 0.0000 0.0000 1.0000 1.0000
UP:802	328.42 188.4 2.531 2.110 1.0 0.0000 0.0000 1.0000 1.0000
UP:803	328.67 158.6 2.978 2.047 1.0 0.0000 0.0000 1.0000 1.0000
UN:801	330.98 133.5 2.123 1.890 1.0 0.0000 0.0000 1.0000 1.0000
UN:802	330.91 116.0 2.313 2.021 1.0 0.0000 0.0000 1.0000 1.0000
UN:803	330.83 98.50 2.533 2.090 1.0 0.0000 0.0000 1.0000 1.0000
UN:804	330.77 81.00 2.764 2.089 1.0 0.0000 0.0000 1.0000 1.0000
H:301	77.00 108.9 3.881 1.001 1.0 0.0000 0.0000 1.0000 1.0000
H:302	92.940 108.9 3.881 1.013 1.0 0.0000 0.0000 1.0000 1.0000
131	92.940 108.9 3.881 1.013 1.0 0.0000 0.0000 1.0000 1.0000
H:303	103.11 108.9 3.881 1.005 1.0 0.0000 0.0000 1.0000 1.0000
141	103.11 108.9 3.881 1.005 1.0 0.0000 0.0000 1.0000 1.0000
H:304	108.74 108.2 3.880 1.045 1.0 0.0000 0.0000 1.0000 1.0000
211	108.74 108.2 3.880 1.045 1.0 0.0000 0.0000 1.0000 1.0000
H:305	110.38 108.9 3.882 1.007 1.0 0.0000 0.0000 1.0000 1.0000
H:306	108.73 104.5 3.925 0.894 -1.0 0.0000 0.0000 1.0000 1.0000
121	108.73 104.5 3.925 0.894 -1.0 0.0000 0.0000 1.0000 1.0000
H:307	108.46 97.58 3.987 0.592 -1.0 0.0000 0.0000 1.0000 1.0000
221	108.46 97.58 3.987 0.592 -1.0 0.0000 0.0000 1.0000 1.0000
H:308	108.46 89.38 3.997 0.293 1.0 0.0000 0.0000 1.0000 1.0000
T:001	2.97 108.9 3.882 1.005 1.0 0.0000 0.0000 1.0000 1.0000
T:002	42.15 108.9 3.882 1.007 1.0 0.0000 0.0000 1.0000 1.0000
T:003	77.00 108.9 3.881 1.001 1.0 0.0000 0.0000 1.0000 1.0000
T:004	110.38 108.9 3.882 1.007 1.0 0.0000 0.0000 1.0000 1.0000
T:005	147.83 108.9 3.878 1.012 1.0 0.0000 0.0000 1.0000 1.0000
T:006	182.94 108.9 3.881 1.006 -1.0 0.0000 0.0000 1.0000 1.0000
T:007	222.17 108.9 3.884 1.004 1.0 0.0000 0.0000 1.0000 1.0000
T:008	257.10 108.9 3.876 1.016 1.0 0.0000 0.0000 1.0000 1.0000
T:009	290.37 108.9 3.869 1.021 -1.0 0.0000 0.0000 1.0000 1.0000
T:010	327.87 108.9 3.876 1.014 1.0 0.0000 0.0000 1.0000 1.0000
