  3.0017   2230.88    100.00  1.36e+16      2.26    -84.64      0.09      0.22  2.17e-01
  3.0033   2230.88     53.20  9.50e+15      3.29    -73.69      0.10      0.22  8.10e-02
  3.0050   2230.63     30.78  1.25e+16     -1.70    -16.51      0.10      0.35  6.16e-02
  3.0066   2230.39    100.00  1.55e+16      2.41    -40.56      0.10      0.38  2.48e-01
  3.0083   2230.88     17.21  1.46e+16      2.46    -84.59      0.09      0.38  4.03e-02
  3.0099   2231.00    100.00  2.13e+16      6.22    -59.57      0.13      0.35  3.41e-01
  3.0116   2230.75    100.00  2.71e+16     -3.65    -58.59      0.17      0.29  4.34e-01
  3.0132   2230.51     59.34  8.99e+15     -3.51    -84.64      0.10      0.37  8.55e-02
  3.0149   2230.39    100.00  1.55e+16     31.29    -84.64      0.10      0.57  2.48e-01
  3.0165   2230.63    100.00  2.13e+16      8.47    -84.59      0.13      0.59  3.41e-01
  3.0182   2230.88     21.21  2.44e+16      5.39    -84.59      0.16      0.69  8.31e-02
  3.0198   2230.26    100.00  1.16e+16      2.31    -84.64      0.07      0.69  1.86e-01
  3.0215   2230.88     52.88  3.57e+15      2.41    -34.64      0.04      0.35  3.03e-02
  3.0231   2230.88     32.27  7.62e+15     -0.53    -23.79      0.06      0.35  3.94e-02
  3.0248   2230.63    100.00  1.55e+16      4.46    -84.74      0.10      0.48  2.48e-01
  3.0264   2230.88     34.55  8.84e+15      2.26    -84.54      0.07      0.48  4.89e-02
  3.0281   2230.75     63.74  5.42e+15      2.41    -75.70      0.06      0.61  5.54e-02
  3.0297   2230.75     16.30  1.29e+16      7.39    -84.54      0.07      0.57  3.36e-02
  3.0314   2230.51     13.90  2.09e+16     -1.60    -84.54      0.11      0.33  4.66e-02
  3.0330   2230.75    100.00  3.49e+16      6.46    -40.70      0.22      0.34  5.58e-01
  3.0347   2230.75    100.00  3.10e+16      1.43    -69.59      0.20      0.36  4.96e-01
  3.0363   2230.51     62.45  1.21e+16      2.36    -69.64      0.13      0.55  1.21e-01
  3.0380   2231.00    100.00  1.55e+16      2.36    -15.87      0.10      1.06  2.48e-01
  3.0396   2230.63    100.00  1.16e+16      2.46    -44.61      0.07      0.56  1.86e-01
  3.0413   2230.88      5.57  1.47e+16     -7.56    -18.56      0.05      0.38  1.31e-02
  3.0429   2230.88     22.13  7.36e+15      5.05    -84.59      0.05      0.41  2.61e-02
  3.0446   2230.63    100.00  1.36e+16      2.46    -84.59      0.09      0.52  2.17e-01
  3.0463   2230.39     24.61  6.98e+15      2.41    -74.72      0.05      0.55  2.75e-02
  3.0479   2230.39    100.00  7.75e+15      5.29    -14.65      0.05      0.57  1.24e-01
  3.0496   2230.14    100.00  1.55e+16     -1.50    -17.54      0.10      0.63  2.48e-01
  3.0512   2229.65    100.00  2.71e+16      6.46    -39.58      0.17      0.37  4.34e-01
  3.0529   2229.16    100.00  2.90e+16      2.16    -44.56      0.18      0.35  4.65e-01
  3.0545   2228.79     47.72  1.25e+16      2.31    -36.55      0.12      0.43  9.58e-02
  3.0562   2227.56    100.00  1.16e+16      3.38    -47.89      0.07      0.56  1.86e-01
  3.0578   2227.06    100.00  1.36e+16      2.31    -36.74      0.09      0.59  2.17e-01
  3.0595   2225.46     28.26  3.26e+15      2.36    -84.64      0.02      0.62  1.48e-02
  3.0611   2224.48     17.64  1.24e+16      4.46    -73.55     -0.07      0.61  3.50e-02
  3.0628   2223.00     26.94  2.17e+16      3.38    -51.55     -0.16      0.42  9.36e-02
  3.0644   2221.28    100.00  1.36e+16      2.46    -59.62     -0.09      0.57  2.17e-01
  3.0661   2219.56     28.86  4.61e+09      4.41    -52.87     -0.00      0.80  2.13e-08
  3.0677   2217.84    100.00  1.94e+15      3.48    -60.69      0.01      0.69  3.10e-02
  3.0694   2215.26     10.60  7.98e+15      2.46    -71.79     -0.04      0.61  1.35e-02
  3.0710   2213.41      8.54  1.19e+16      1.28    -63.58     -0.05      0.76  1.62e-02
  3.0727   2210.34     12.54  1.96e+16     -0.77    -47.79     -0.10      0.92  3.93e-02
  3.0743   2208.74    100.00  1.36e+16      2.36    -34.84     -0.09      1.18  2.17e-01
  3.0760   2206.52     23.69  2.14e+16      3.48    -27.51     -0.15      1.41  8.10e-02
  3.0776   2203.32     32.16  4.73e+16      4.41    -12.55     -0.38      2.19  2.44e-01
  3.0793   2200.86     20.74  6.85e+16      4.41    -10.55     -0.44      2.51  2.27e-01
  3.0809   2198.28     23.51  6.43e+16      2.46    -12.50     -0.44      2.44  2.42e-01
  3.0826   2194.71     13.72  1.38e+17      2.46     -9.67     -0.72      2.60  3.03e-01
  3.0842   2192.25     14.35  1.53e+17      4.46     -9.62     -0.82      5.13  3.52e-01
  3.0859   2188.69     10.61  1.54e+17      4.46     -9.62     -0.71      5.69  2.62e-01
  3.0876   2185.12      7.67  2.00e+17      5.39     -9.62     -0.78      7.51  2.46e-01
  3.0892   2181.80      8.44  3.07e+17      4.46     -8.79     -1.26     15.95  4.15e-01
  3.0909   2178.11      7.42  4.80e+17      6.22     -8.59     -1.85     36.51  5.71e-01
  3.0925   2175.28      8.71  1.05e+18      7.34     -6.54     -4.37     39.64  1.47e+00
  3.0942   2171.34      8.65  1.30e+18      7.39     -6.59     -5.38     27.96  1.80e+00
  3.0958   2167.41      4.92  1.08e+18      7.39     -7.61     -3.37     35.94  8.49e-01
  3.0975   2163.47      6.36  9.82e+17      9.44     -7.61     -3.49     69.54  1.00e+00
  3.0991   2160.03      9.12  1.34e+18      8.32     -7.66     -5.73     72.22  1.97e+00
  3.1008   2155.97      9.91  1.59e+18     11.15     -7.52     -7.07     77.15  2.53e+00
  3.1024   2152.40      8.36  2.30e+18      9.44     -8.88     -9.38    107.48  3.08e+00
  3.1041   2148.34      8.72  2.59e+18     12.43     -8.54    -10.80    157.36  3.62e+00
  3.1057   2144.65     10.34  3.32e+18     11.40     -7.56    -15.07    185.18  5.50e+00
  3.1074   2141.09     13.30  4.83e+18     12.33     -8.54    -24.85    245.87  1.03e+01
  3.1090   2138.01     20.12  6.89e+18     11.40     -9.67    -43.61    301.09  2.22e+01
  3.1107   2136.17     19.53  7.80e+18     13.40    -13.63    -48.66    489.91  2.44e+01
  3.1123   2192.01     19.90  8.73e+18     12.43    -15.04    -54.96    495.02  2.78e+01
  3.1140   2133.83     18.37  9.17e+18     13.21    -14.99    -55.45    494.87  2.70e+01
  3.1156   2137.40     21.13  8.94e+18     13.21    -15.63    -57.99    503.67  3.03e+01
  3.1173   2135.67     20.60  8.21e+18     12.47    -15.63    -52.58    503.20  2.71e+01
  3.1189   2139.98     15.95  7.71e+18     12.38    -14.55    -43.46    478.69  1.97e+01
  3.1206   2138.13     14.60  6.95e+18      9.35    -12.55    -37.45    428.46  1.62e+01
  3.1222   2139.98     13.33  5.44e+18     13.35    -11.57    -28.03    374.92  1.16e+01
  3.1239   2141.70     14.36  5.23e+18     11.40     -8.54    -27.97    291.96  1.20e+01
  3.1256   2143.42     12.03  4.70e+18     11.45     -7.52    -23.01    254.74  9.06e+00
  3.1272   2145.15      7.68  4.20e+18      9.44     -6.59    -16.42    178.99  5.17e+00
  3.1289   2148.59      7.86  4.06e+18      9.49     -6.59    -16.04    197.60  5.11e+00
  3.1305   2149.94     11.09  3.63e+18     12.38     -7.52    -17.06    183.53  6.45e+00
  3.1322   2151.91     11.44  2.79e+18      7.49     -9.81    -13.31    114.16  5.11e+00
  3.1338   2153.51     10.99  2.69e+18      7.49    -10.55    -12.60     81.84  4.74e+00
  3.1355   2155.48      9.34  2.27e+18      7.44     -9.76     -9.79     91.14  3.40e+00
  3.1371   2157.08      6.58  1.70e+18      7.44     -8.74     -6.15    103.97  1.79e+00
  3.1388   2159.04      6.11  1.58e+18      8.42     -8.69     -5.52     85.65  1.55e+00
  3.1404   2160.52      9.89  1.40e+18      8.42     -8.69     -6.22     71.34  2.22e+00
  3.1421   2162.00      7.07  1.11e+18      8.42     -7.56     -4.15     54.29  1.25e+00
  3.1437   2163.23      9.70  8.90e+17      6.37     -9.62     -3.91     39.52  1.38e+00
  3.1454   2165.44     11.87  9.15e+17      4.46    -11.67     -4.45     50.10  1.74e+00
  3.1470   2166.42     10.85  9.65e+17      6.46     -9.52     -4.48     38.12  1.68e+00
  3.1487   2168.52     11.94  8.82e+17      7.44     -9.52     -4.30     34.46  1.69e+00
  3.1503   2170.24      8.43  9.91e+17      3.43     -9.52     -4.06     33.93  1.34e+00
  3.1520   2172.57      9.81  9.37e+17      3.48     -9.62     -4.14     30.99  1.47e+00
  3.1536   2173.68     13.40  8.23e+17      7.39     -8.54     -4.25     33.84  1.77e+00
  3.1553   2176.02      6.70  7.19e+17      7.39     -7.76     -2.63     37.20  7.72e-01
  3.1569   2177.99     13.35  4.31e+17      6.37     -8.59     -2.22     28.12  9.22e-01
  3.1586   2179.71     11.41  2.85e+17      6.37     -9.57     -1.36     18.57  5.20e-01
  3.1602   2181.92      8.16  2.49e+17      4.31     -9.57     -1.00     12.51  3.25e-01
  3.1619   2183.77      6.95  2.20e+17      6.46     -8.74     -0.82     11.07  2.45e-01
  3.1635   2185.49      7.77  1.90e+17      5.49     -9.57     -0.75      8.51  2.36e-01
  3.1652   2187.46      8.07  1.86e+17      4.46     -8.54     -0.75      5.95  2.40e-01
  3.1669   2189.55      8.63  1.53e+17      4.46     -8.59     -0.64      4.36  2.12e-01
  3.1685   2191.39      6.22  1.42e+17      5.49     -8.59     -0.50      5.36  1.42e-01
  3.1702   2193.61      9.24  1.14e+17      4.36     -9.76     -0.49      4.45  1.69e-01
  3.1718   2195.70      6.49  1.02e+17      4.36     -6.68     -0.37      2.63  1.06e-01
  3.1735   2197.67      5.09  9.21e+16      3.33     -8.54     -0.29      3.74  7.51e-02
  3.1751   2199.27     34.91  3.66e+16      3.43    -14.55     -0.31      3.75  2.05e-01
  3.1768   2200.99     21.41  2.81e+16      1.48    -15.58     -0.18      1.45  9.63e-02
  3.1784   2203.20     47.67  3.01e+16      1.48    -31.51     -0.29      1.77  2.30e-01
  3.1801   2205.42     44.58  2.08e+16      2.41    -11.57     -0.20      1.76  1.48e-01
  3.1817   2207.38     83.14  1.71e+16      3.38    -32.74     -0.22      1.16  2.28e-01
  3.1834   2208.49     16.80  4.44e+16      2.46    -12.50     -0.26      0.92  1.19e-01
  3.1850   2210.95     11.76  1.01e+16      1.43    -17.54     -0.05      0.97  1.90e-02
  3.1867   2212.80     12.11  2.49e+15      1.43    -34.69     -0.01      0.67  4.83e-03
  3.1883   2214.27      6.56  3.38e+15     -0.82    -51.55     -0.01      0.63  3.55e-03
  3.1900   2216.36     21.38  1.12e+16      2.41    -41.53     -0.07      0.92  3.85e-02
  3.1916   2218.08    100.00  1.36e+16      3.38    -54.53     -0.09      0.76  2.17e-01
  3.1933   2219.19    100.00  1.74e+16      3.38    -84.74      0.11      0.65  2.79e-01
  3.1949   2220.54     13.12  1.20e+16      1.04    -84.59      0.06      0.70  2.51e-02
  3.1966   2221.41    100.00  1.94e+16      1.43    -40.51      0.12      0.72  3.10e-01
  3.1982   2222.39    100.00  1.55e+16      2.41    -52.53      0.10      0.71  2.48e-01
  3.1999   2223.00    100.00  7.75e+15      1.48    -67.78      0.05      0.59  1.24e-01
  3.2015   2223.62     17.91  2.05e+15      3.24    -70.76     -0.01      0.58  5.87e-03
  3.2032   2223.00    100.00  3.87e+15      2.41    -84.54      0.02      0.54  6.20e-02
  3.2048   2223.25    100.00  2.71e+16      2.41    -58.59      0.17      0.58  4.34e-01
  3.2065   2223.13     40.17  8.20e+15      2.41    -60.69      0.07      0.47  5.28e-02
  3.2081   2223.00     84.79  1.88e+15      3.29    -84.54      0.02      0.45  2.56e-02
  3.2098   2222.64    100.00  2.32e+16     -1.55    -22.52      0.15      0.62  3.72e-01
  3.2115   2222.88     26.20  2.03e+16      4.46    -84.64      0.15      0.50  8.52e-02
  3.2131   2222.39     86.19  1.77e+16     -7.52    -16.51      0.23      0.34  2.45e-01
  3.2148   2221.90     88.56  9.20e+15      4.41    -55.51      0.12      0.47  1.31e-01
  3.2164   2221.53    100.00  1.74e+16      3.38    -84.54      0.11      0.61  2.79e-01
  3.2181   2221.04     96.61  8.81e+15      3.38    -44.56      0.12      0.56  1.36e-01
  3.2197   2220.91    100.00  1.36e+16      2.41    -33.52      0.09      0.55  2.17e-01
  3.2214   2220.42     41.58  6.72e+15     29.48    -70.57      0.06      0.45  4.47e-02
  3.2230   2219.93      9.29  1.14e+16      1.43    -62.60     -0.05      0.63  1.69e-02
  3.2247   2219.19     15.24  1.55e+16     -0.62    -60.69     -0.09      0.62  3.79e-02
  3.2263   2219.31     15.80  1.25e+10      2.46    -73.55     -0.00      0.52  3.15e-08
  3.2280   2218.70     15.31  4.43e+15      5.44    -75.65     -0.02      0.54  1.09e-02
  3.2296   2218.45     42.92  1.32e+15     -1.50    -49.50      0.01      0.41  9.09e-03
  3.2313   2218.21    100.00  2.71e+16      1.48    -55.61      0.17      0.31  4.34e-01
  3.2329   2217.96     29.62  1.11e+16      1.38    -31.76     -0.09      0.64  5.29e-02
  3.2346   2218.21     28.30  3.42e+16      5.39    -21.74     -0.26      0.76  1.55e-01
  3.2362   2218.08    100.00  1.16e+16      2.41    -19.59      0.07      0.59  1.86e-01
  3.2379   2217.84      8.62  2.36e+16      2.26    -84.54      0.10      0.54  3.26e-02
  3.2395   2217.96    100.00  1.94e+16    -10.59    -68.71      0.12      0.38  3.10e-01
  3.2412   2218.08    100.00  1.55e+16     -4.68    -24.52      0.10      0.42  2.48e-01
  3.2428   2218.45     99.67  3.47e+15     -6.59    -84.54      0.05      0.38  5.54e-02
  3.2445   2218.08      7.78  2.17e+16     -0.58    -61.52      0.09      0.63  2.71e-02
  3.2461   2218.45    100.00  1.36e+16      5.39    -81.56      0.09      0.90  2.17e-01
  3.2478   2218.45     11.15  2.59e+15      4.31    -77.55      0.01      0.86  4.63e-03
  3.2494   2218.45    100.00  7.75e+15      2.31    -74.52      0.05      0.85  1.24e-01
  3.2511   2218.58    100.00  1.55e+16      3.29    -62.50      0.10      0.77  2.48e-01
  3.2528   2218.82     73.56  1.01e+16      1.43    -61.52      0.12      0.62  1.19e-01
  3.2544   2218.70     16.35  6.43e+15     -3.75    -71.54     -0.04      0.55  1.68e-02
  3.2561   2218.33      9.77  1.39e+16      2.26    -25.60     -0.06      0.66  2.17e-02
  3.2577   2218.58     30.32  1.26e+16      1.43    -40.56      0.10      0.77  6.11e-02
  3.1938   2219.68     17.02  1.89e+16      3.38    -84.59      0.11      0.62  5.15e-02
  0.0000      0.00      0.00  0.00e+00      0.00      0.00      0.00      0.00  0.00e+00
  0.0000      0.00      0.00  0.00e+00      0.00      0.00      0.00      0.00  0.00e+00
