  3.0017   2230.51     45.26  1.93e+16      3.48     -8.79     -0.18      0.57  1.40e-01
  3.0033   2230.51     12.33  4.19e+16      5.49     -3.65     -0.21      0.90  8.28e-02
  3.0050   2230.88      9.66  5.29e+16      4.36     -0.62     -0.23      0.64  8.19e-02
  3.0066   2230.88     10.05  4.37e+16      6.37     -0.58     -0.20      0.35  7.04e-02
  3.0083   2230.51      5.54  5.15e+16      2.46     -3.56     -0.17      0.57  4.57e-02
  3.0099   2230.63      4.78  5.55e+16      5.49     -4.63     -0.17      0.84  4.25e-02
  3.0116   2230.75      5.05  6.55e+16      3.38     -3.51     -0.21      0.59  5.30e-02
  3.0132   2230.14     46.65  2.54e+16      5.44     -2.58     -0.24      0.42  1.90e-01
  3.0149   2230.63     34.76  4.55e+16      3.43     -1.50     -0.38      0.51  2.54e-01
  3.0165   2230.75     20.78  5.70e+16      3.29     -2.73     -0.37      0.77  1.90e-01
  3.0182   2230.88      4.50  4.90e+16      3.33     -4.63     -0.15      1.08  3.53e-02
  3.0198   2230.75      5.10  3.45e+16      4.26     -5.76     -0.11      0.69  2.82e-02
  3.0215   2230.75      4.69  2.80e+16     -2.73     -6.73     -0.09      0.35  2.10e-02
  3.0231   2230.88      6.19  3.13e+16      1.38     -4.83     -0.11      0.20  3.11e-02
  3.0248   2230.75      8.63  4.42e+16     -2.58     -3.56     -0.18      0.29  6.11e-02
  3.0264   2231.00      7.11  4.87e+16      2.46     -2.58     -0.18      1.01  5.55e-02
  3.0281   2230.63     10.23  3.79e+16      3.24     -0.67     -0.17      0.51  6.21e-02
  3.0297   2231.00     19.50  2.94e+16      3.48     -8.59     -0.18      0.48  9.19e-02
  3.0314   2230.75     11.55  5.35e+16      2.36     -3.51     -0.26      0.47  9.90e-02
  3.0330   2230.75      9.86  5.79e+16      3.48     -3.51     -0.26      0.47  9.15e-02
  3.0347   2230.75      4.69  4.40e+16      1.33     -4.53     -0.13      0.61  3.31e-02
  3.0363   2230.51      3.32  2.38e+16      7.44     -0.53     -0.06      0.28  1.26e-02
  3.0380   2230.75      3.29  2.39e+16      4.41     -3.51     -0.06      0.43  1.26e-02
  3.0396   2231.12      2.92  2.53e+16      1.48     -6.54     -0.06      0.54  1.19e-02
  3.0413   2231.12      7.85  4.64e+16     -1.55     -2.63     -0.18      0.47  5.83e-02
  3.0429   2230.88     16.41  3.85e+16      1.38     -1.55     -0.22      0.43  1.01e-01
  3.0446   2230.88     17.01  5.25e+16      2.46     -2.58     -0.31      0.47  1.43e-01
  3.0463   2230.26      9.03  6.63e+16      1.33     -5.66     -0.28      0.94  9.59e-02
  3.0479   2230.63     13.23  3.33e+16      5.49     -3.56     -0.17      0.80  7.07e-02
  3.0496   2229.89      4.27  5.86e+16      2.36     -4.63     -0.17      0.45  4.02e-02
  3.0512   2229.77      7.34  8.63e+16      2.16     -4.78     -0.33      0.52  1.01e-01
  3.0529   2229.40     11.96  7.01e+16      7.44     -2.53     -0.34      0.59  1.34e-01
  3.0545   2228.66     10.23  4.06e+16      7.44     -4.53     -0.18      0.54  6.66e-02
  3.0562   2227.56      5.64  5.10e+16      4.36     -4.58     -0.17      0.55  4.61e-02
  3.0578   2226.57     22.10  4.79e+16      7.39     -7.56     -0.32      2.26  1.70e-01
  3.0595   2225.34     14.78  5.41e+16      4.41     -7.66     -0.29      1.93  1.28e-01
  3.0611   2224.97     10.33  1.29e+17     13.26     -4.78     -0.59      2.40  2.14e-01
  3.0628   2223.00      7.76  2.43e+17      7.49     -6.59     -0.95      9.79  3.01e-01
  3.0644   2221.28      7.18  2.33e+17      7.44     -5.71     -0.88      6.89  2.68e-01
  3.0661   2219.44      6.17  2.34e+17      4.36     -5.71     -0.82      4.62  2.31e-01
  3.0677   2217.47      8.12  2.55e+17      5.34     -5.80     -1.03      5.36  3.32e-01
  3.0694   2215.38     12.80  2.88e+17      4.46     -6.54     -1.45      8.19  5.91e-01
  3.0710   2213.04      8.61  4.22e+17      8.47     -6.54     -1.75     11.44  5.82e-01
  3.0727   2210.46      4.47  5.49e+17      4.31     -5.71     -1.64     11.39  3.93e-01
  3.0743   2208.24      6.71  6.55e+17      5.44     -6.59     -2.39     12.77  7.04e-01
  3.0760   2205.91      5.27  7.32e+17      7.49     -7.81     -2.37     29.59  6.18e-01
  3.0776   2203.45      3.00  8.65e+17      7.44     -6.54     -2.11     38.87  4.16e-01
  3.0793   2200.50      4.44  9.33e+17      9.40     -5.51     -2.77     42.28  6.64e-01
  3.0809   2198.04      9.77  7.90e+17      9.40     -6.78     -3.48     32.57  1.24e+00
  3.0826   2195.21      9.16  7.30e+17     10.28     -7.52     -3.12     23.36  1.07e+00
  3.0842   2191.64      7.58  1.02e+18     12.43     -6.64     -3.95     53.22  1.23e+00
  3.0859   2188.07      7.04  1.20e+18     11.50     -6.64     -4.51     58.62  1.36e+00
  3.0876   2184.26      8.67  1.43e+18     12.13     -5.56     -5.93     69.26  1.98e+00
  3.0892   2180.94      7.39  1.77e+18     11.50     -4.58     -6.78     97.89  2.09e+00
  3.0909   2177.13     10.15  1.82e+18     12.38     -6.73     -8.19    123.27  2.96e+00
  3.0925   2175.16      9.35  1.89e+18     12.43     -6.54     -8.14    129.66  2.82e+00
  3.0942   2170.98      6.98  2.23e+18     12.43     -5.61     -8.32    141.91  2.50e+00
  3.0958   2166.79      6.20  3.07e+18     13.40     -6.59    -10.80    174.27  3.05e+00
  3.0975   2163.10     10.37  4.26e+18     17.41     -5.51    -19.35    226.25  7.08e+00
  3.0991   2158.92     13.37  5.32e+18     17.46     -4.58    -27.42    339.99  1.14e+01
  3.1008   2155.35     10.58  6.87e+18     18.49     -4.58    -31.51    402.39  1.16e+01
  3.1024   2152.89     11.64  7.29e+18     18.49     -7.52    -35.07    430.62  1.36e+01
  3.1041   2147.73     18.90  8.97e+18     15.41    -11.72    -55.05    470.20  2.72e+01
  3.1057   2143.67     17.85  1.18e+19     12.08    -12.55    -70.59    503.42  3.39e+01
  3.1074   2140.84     18.34  1.45e+19     12.47    -11.52    -87.67    503.42  4.26e+01
  3.1090   2138.13     22.96  1.85e+19     11.45    -10.69   -124.80    503.42  6.79e+01
  3.1107   2135.18     24.83  2.31e+19      4.36    -18.51   -162.74    503.42  9.21e+01
  3.1123   2132.11     29.71  2.26e+19     -1.50    -24.57   -173.56    503.42  1.07e+02
  3.1140   2135.06     31.48  2.25e+19     -3.75    -28.58   -178.18    503.42  1.14e+02
  3.1156   2134.69     29.81  2.25e+19     -3.56    -28.58   -173.69    503.42  1.08e+02
  3.1173   2135.30     27.38  2.18e+19      1.48    -23.64   -161.03    503.42  9.57e+01
  3.1189   2136.17     25.74  2.17e+19      6.41    -17.54   -155.30    503.42  8.95e+01
  3.1206   2138.63     22.51  1.92e+19      8.47    -13.58   -128.48    503.42  6.92e+01
  3.1222   2140.35     20.56  1.72e+19     12.23    -12.79   -109.78    503.42  5.65e+01
  3.1239   2142.32     17.97  1.41e+19     12.47    -13.58    -84.53    503.42  4.07e+01
  3.1256   2143.55     18.39  1.26e+19     12.47    -14.55    -76.16    503.42  3.71e+01
  3.1272   2145.51     17.87  1.10e+19     11.50    -16.56    -65.63    503.42  3.15e+01
  3.1289   2131.00     18.66  1.03e+19     14.48    -16.56    -62.93    503.42  3.09e+01
  3.1305   2149.82     19.71  9.04e+18     17.17    -10.69    -56.65    476.06  2.86e+01
  3.1322   2152.28     14.48  8.89e+18     17.36     -7.56    -47.72    442.14  2.06e+01
  3.1338   2153.14     12.36  7.21e+18     16.48     -5.71    -35.78    408.11  1.43e+01
  3.1355   2154.99     14.04  6.61e+18     17.46     -5.80    -34.95    346.13  1.49e+01
  3.1371   2156.46     11.90  5.66e+18     15.41     -6.59    -27.53    260.36  1.08e+01
  3.1388   2157.69     11.79  4.80e+18     16.48     -6.54    -23.26    282.92  9.07e+00
  3.1404   2159.91      9.61  4.65e+18     16.48     -4.58    -20.32    346.05  7.15e+00
  3.1421   2161.75      7.34  4.84e+18     15.36     -4.58    -18.50    336.67  5.69e+00
  3.1437   2162.98     10.37  4.42e+18     13.40     -6.78    -20.06    287.37  7.34e+00
  3.1454   2164.46     10.89  3.87e+18     13.45     -6.83    -18.04    231.43  6.76e+00
  3.1470   2166.42      7.86  3.65e+18     16.34     -6.59    -14.43    219.14  4.59e+00
  3.1487   2167.41     11.07  3.82e+18     13.31     -8.64    -17.95    180.62  6.78e+00
  3.1503   2168.88     15.19  3.83e+18      8.08     -9.52    -21.04    142.21  9.31e+00
  3.1520   2170.24     10.48  2.98e+18     12.43     -6.73    -13.61    137.28  5.00e+00
  3.1536   2171.71      7.98  2.34e+18     11.25     -6.68     -9.32    140.62  2.99e+00
  3.1553   2173.44      9.80  2.03e+18     11.11     -7.61     -8.98     90.84  3.19e+00
  3.1569   2175.53      7.88  2.01e+18     13.45     -5.71     -7.95     99.46  2.53e+00
  3.1586   2177.00      7.86  2.34e+18     12.43     -5.71     -9.25    135.33  2.94e+00
  3.1602   2178.36      6.76  1.98e+18     11.50     -5.85     -7.26     79.00  2.14e+00
  3.1619   2180.20      6.52  2.20e+18      9.44     -6.59     -7.94    101.43  2.30e+00
  3.1635   2182.05      9.47  1.95e+18      9.44     -6.54     -8.48     84.49  2.96e+00
  3.1652   2183.89      9.36  1.83e+18      8.22     -6.54     -7.92     58.60  2.75e+00
  3.1669   2185.37      7.35  1.98e+18      9.15     -5.56     -7.59     79.48  2.34e+00
  3.1685   2187.33      8.00  1.26e+18      9.15     -6.64     -5.01     66.31  1.61e+00
  3.1702   2188.69     10.04  7.49e+17     11.35     -6.54     -3.35     36.46  1.20e+00
  3.1718   2190.29     12.06  5.94e+17      9.40     -8.59     -2.91     25.19  1.15e+00
  3.1735   2192.01      7.34  6.68e+17      8.32     -7.56     -2.55     25.32  7.85e-01
  3.1751   2194.22      5.97  5.99e+17      7.39     -6.54     -2.07     28.88  5.73e-01
  3.1768   2195.21      6.68  5.46e+17     12.33     -6.54     -1.99     32.00  5.84e-01
  3.1784   2196.68      7.96  6.51e+17      7.39     -6.54     -2.59     21.60  8.30e-01
  3.1801   2199.14      8.48  8.06e+17      8.37     -6.59     -3.31     21.16  1.09e+00
  3.1817   2200.86      4.93  8.35e+17      9.35     -6.59     -2.61     29.42  6.59e-01
  3.1834   2202.83      6.94  7.36e+17      7.49     -6.64     -2.74     30.88  8.19e-01
  3.1850   2204.31     10.28  6.10e+17      8.32     -6.64     -2.76     17.33  1.01e+00
  3.1867   2206.28      8.83  6.30e+17      7.29     -7.52     -2.64     20.97  8.90e-01
  3.1883   2208.00      6.89  6.17e+17      5.49     -7.52     -2.28     20.60  6.81e-01
  3.1900   2210.34      7.31  4.58e+17      4.31     -7.52     -1.75     10.78  5.36e-01
  3.1916   2212.06      7.67  3.97e+17      4.21     -7.56     -1.55      8.08  4.88e-01
  3.1933   2213.78      8.72  2.90e+17      3.48     -8.54     -1.21      5.68  4.06e-01
  3.1949   2215.01      6.52  3.05e+17      4.41     -7.56     -1.10     10.14  3.19e-01
  3.1966   2217.35     10.10  2.07e+17      5.49     -7.56     -0.93      8.05  3.35e-01
  3.1982   2218.82      9.12  1.92e+17      3.43     -7.66     -0.82      3.75  2.81e-01
  3.1999   2220.30      4.98  2.29e+17      2.11     -6.64     -0.72      2.85  1.83e-01
  3.2015   2221.41      5.00  2.40e+17      2.41     -6.64     -0.76      2.50  1.92e-01
  3.2032   2222.51      3.26  2.40e+17      4.12     -4.58     -0.61      3.29  1.25e-01
  3.2048   2222.14      4.59  1.78e+17      4.12     -3.75     -0.54      2.94  1.31e-01
  3.2065   2223.00     11.68  1.29e+17      4.46     -7.76     -0.62      2.02  2.42e-01
  3.2081   2223.50      8.75  1.64e+17      3.38     -6.59     -0.68      1.78  2.30e-01
  3.2098   2223.74     11.00  2.06e+17      3.38     -5.76     -0.97      1.69  3.63e-01
  3.2115   2223.00     14.43  1.46e+17      3.38     -5.76     -0.78      1.23  3.37e-01
  3.2131   2223.62      9.45  8.45e+16      7.44     -7.56     -0.37      2.60  1.28e-01
  3.2148   2222.51     14.12  1.18e+17      8.42     -6.54     -0.62      6.09  2.66e-01
  3.2164   2223.13     20.19  1.33e+17      3.48     -9.62     -0.84      5.23  4.30e-01
  3.2181   2222.51     12.44  1.45e+17      3.29     -7.52     -0.72      2.69  2.89e-01
  3.2197   2222.14     10.72  1.38e+17      3.29     -7.52     -0.64      2.69  2.36e-01
  3.2214   2221.77     11.78  1.34e+17      3.29     -6.64     -0.65      3.37  2.52e-01
  3.2230   2221.04      8.01  2.20e+17      6.41     -6.68     -0.88      4.98  2.83e-01
  3.2247   2221.41      9.58  2.38e+17      5.44     -6.68     -1.04      5.80  3.65e-01
  3.2263   2220.67      9.18  1.97e+17      4.46     -5.61     -0.84      4.11  2.90e-01
  3.2280   2220.54      5.63  2.59e+17      4.46     -5.61     -0.87      4.59  2.34e-01
  3.2296   2219.93      5.45  2.52e+17      3.48     -5.56     -0.83      4.48  2.20e-01
  3.2313   2219.81      8.93  1.59e+17      4.26     -4.63     -0.67      3.10  2.28e-01
  3.2329   2220.30      9.03  2.28e+17      8.32     -6.73     -0.97      4.55  3.29e-01
  3.2346   2219.56      6.43  3.07e+17      7.49     -5.51     -1.10      5.91  3.17e-01
  3.2362   2219.44      2.54  3.42e+17      4.26     -5.51     -0.77      6.62  1.39e-01
  3.2379   2219.56      4.44  2.47e+17      3.48     -7.56     -0.73      7.75  1.75e-01
  3.2395   2219.19      6.61  2.63e+17      3.48     -7.66     -0.95      4.77  2.78e-01
  3.2412   2219.68      5.83  2.76e+17      4.46     -6.59     -0.94      4.36  2.58e-01
  3.2428   2219.19      7.93  2.09e+17      4.36     -7.61     -0.83      4.21  2.66e-01
  3.2445   2218.95      7.57  2.30e+17      4.26     -5.71     -0.89      3.77  2.79e-01
  3.2461   2219.31      7.10  2.73e+17      3.43     -4.58     -1.03      4.38  3.11e-01
  3.2478   2219.19      5.55  2.87e+17      6.46     -6.59     -0.95      4.75  2.55e-01
  3.2494   2219.44      7.17  2.46e+17      5.49     -6.54     -0.93      3.84  2.82e-01
  3.2511   2219.68      7.87  3.06e+17      5.49     -6.54     -1.21      6.39  3.85e-01
  3.2528   2219.19      5.86  2.83e+17      4.36     -6.54     -0.97      6.68  2.65e-01
  3.2544   2219.07      5.39  2.50e+17      4.36     -6.54     -0.82      5.11  2.16e-01
  3.2561   2219.31      6.38  2.40e+17      4.46     -5.51     -0.86      3.62  2.45e-01
  3.2577   2219.44     11.48  2.07e+17      5.44     -6.64     -0.99      3.04  3.81e-01
  3.1938   2214.39      7.68  2.69e+17      4.36     -8.54     -1.05      7.26  3.31e-01
  0.0000      0.00      0.00  0.00e+00      0.00      0.00      0.00      0.00  0.00e+00
  0.0000      0.00      0.00  0.00e+00      0.00      0.00      0.00      0.00  0.00e+00
